CasosDia;Forecast
1;14.375
24;16.125
24;15.0
29;14.5
18;12.125
7;11.5
10;10.875
2;9.625
15;11.5
15;14.125
20;15.25
10;16.25
13;16.625
2;15.5
0;15.375
17;18.125
36;18.375
24;16.0
28;14.125
13;12.5
4;11.75
1;11.5
22;12.5
19;10.5
17;9.25
9;8.75
15;7.75
7;6.0
2;5.25
9;7.75
6;7.875
9;9.0
13;10.375
1;10.0
1;10.25
1;10.25
22;11.125
10;9.625
15;9.5
20;8.5
10;7.625
3;6.625
1;6.75
8;7.5
10;8.875
9;8.25
7;8.25
13;8.0
2;6.5
4;6.375
7;6.75
19;6.875
5;5.625
9;6.5
5;6.25
1;5.75
1;5.625
7;6.75
8;6.25
9;6.375
12;6.375
7;5.5
1;4.75
0;4.875
10;5.625
3;5.125
9;5.25
9;4.375
5;3.5
1;2.875
2;2.75
6;2.875
6;2.625
4;2.625
2;2.125
2;2.125
0;2.125
0;2.125
3;2.75
4;2.625
6;2.375
0;2.0
2;2.375
2;2.125
0;1.875
5;2.125
2;1.5
2;1.625
3;1.5
3;1.25
0;0.875
0;0.875
2;1.125
0;1.25
3;1.375
1;1.125
1;1.125
0;1.0
0;1.125
2;1.375
3;1.125
1;1.0
1;1.375
1;1.375
0;1.375
1;1.375
2;1.375
0;1.375
2;1.375
4;1.125
1;0.75
1;0.75
0;0.625
1;0.875
2;0.75
0;0.5
0;0.75
1;0.875
1;0.75
0;0.625
2;0.75
0;0.5
0;0.625
2;0.625
1;0.875
0;0.75
0;0.75
1;1.125
0;1.375
1;1.375
0;1.375
4;1.5
0;1.0
0;1.0
3;1.5
3;1.125
0;1.0
1;1.125
1;1.125
0;1.0
0;1.0
4;1.25
0;0.875
2;1.125
1;1.0
1;1.0
0;0.875
0;0.875
2;1.125
1;1.125
2;1.125
1;1.125
1;1.5
0;1.5
0;1.5
2;1.75
2;1.875
1;2.125
2;2.375
4;2.875
1;2.5
0;2.5
2;3.125
3;3.0
4;2.625
3;2.125
6;1.875
1;1.25
1;1.25
5;1.875
1;2.625
0;3.875
0;5.125
1;6.125
1;6.125
1;6.125
6;8.375
11;8.375
11;7.5
10;8.875
8;9.375
1;8.625
1;8.5
19;10.0
6;9.375
4;10.75
22;10.5
14;8.857142448425293
2;8.0
0;9.199999809265137
13;11.5
14;11.0
17;9.5
2;2.0
